name: bastet
channels:
  - cogsci
  - defaults
dependencies:
  - blas=1.0=mkl
  - bzip2=1.0.8=he774522_0
  - ca-certificates=2022.07.19=haa95532_0
  - certifi=2020.6.20=pyhd3eb1b0_3
  - git=2.34.1=haa95532_0
  - icc_rt=2019.0.0=h0cc432a_1
  - intel-openmp=2022.0.0=haa95532_3663
  - libffi=3.4.2=hd77b12b_4
  - m2-base=1.0.0=3
  - m2-bash=4.3.042=5
  - m2-bash-completion=2.3=2
  - m2-catgets=1.1=3
  - m2-coreutils=8.25=102
  - m2-dash=0.5.8=2
  - m2-file=5.25=2
  - m2-filesystem=2016.04=4
  - m2-findutils=4.6.0=2
  - m2-gawk=4.1.3=2
  - m2-gcc-libs=5.3.0=4
  - m2-gettext=0.19.7=4
  - m2-gmp=6.1.0=3
  - m2-grep=2.22=4
  - m2-gzip=1.7=2
  - m2-inetutils=1.9.2=2
  - m2-info=6.0=2
  - m2-less=481=2
  - m2-libasprintf=0.19.7=4
  - m2-libcatgets=1.1=3
  - m2-libcrypt=1.3=2
  - m2-libgettextpo=0.19.7=4
  - m2-libiconv=1.14=3
  - m2-libintl=0.19.7=4
  - m2-liblzma=5.2.2=2
  - m2-libpcre=8.38=2
  - m2-libreadline=6.3.008=8
  - m2-libutil-linux=2.26.2=2
  - m2-libxml2=2.9.2=3
  - m2-mintty=1!2.2.3=2
  - m2-mpfr=3.1.4=2
  - m2-msys2-launcher-git=0.3.28.860c495=2
  - m2-msys2-runtime=2.5.0.17080.65c939c=3
  - m2-ncurses=6.0.20160220=2
  - m2-sed=4.2.2=3
  - m2-tftp-hpa=5.2=2
  - m2-time=1.7=2
  - m2-ttyrec=1.0.8=2
  - m2-tzcode=2015.e=2
  - m2-util-linux=2.26.2=2
  - m2-which=2.21=3
  - m2-zlib=1.2.8=4
  - mkl=2022.0.0=haa95532_115
  - msys2-conda-epoch=20160418=1
  - numpy=1.14.2=py35h5c71026_0
  - openssl=1.1.1q=h2bbff1b_0
  - pip=10.0.1=py35_0
  - pygame=1.9.2a0=py35_0
  - python=3.5.6=he025d50_0
  - setuptools=40.2.0=py35_0
  - sqlite=3.39.2=h2bbff1b_0
  - tk=8.6.12=h2bbff1b_0
  - tzdata=2022a=hda174b7_0
  - vc=14.2=h21ff451_1
  - vs2015_runtime=14.27.29016=h5e58377_2
  - wheel=0.37.1=pyhd3eb1b0_0
  - wincertstore=0.2=py35hfebbdb8_0
  - xz=5.2.5=h8cc25b3_1
  - zlib=1.2.12=h8cc25b3_2
